﻿Dato,Cumulative,New
21.02.2020,1,1
22.02.2020,1,0
23.02.2020,1,0
24.02.2020,1,0
25.02.2020,1,0
26.02.2020,4,3
27.02.2020,6,2
28.02.2020,15,9
29.02.2020,21,6
01.03.2020,31,10
02.03.2020,43,12
03.03.2020,74,31
04.03.2020,107,33
05.03.2020,140,33
06.03.2020,164,24
07.03.2020,184,20
08.03.2020,249,65
09.03.2020,496,247
10.03.2020,737,241
11.03.2020,912,175
12.03.2020,1118,206
13.03.2020,1265,147
14.03.2020,1365,100
15.03.2020,1464,99
16.03.2020,1644,180
17.03.2020,1820,176
18.03.2020,2033,213
19.03.2020,2272,239
20.03.2020,2580,308
21.03.2020,2754,174
22.03.2020,2902,148
23.03.2020,3198,296
24.03.2020,3511,313
25.03.2020,3803,292
26.03.2020,4101,298
27.03.2020,4363,262
28.03.2020,4529,166
29.03.2020,4635,106
30.03.2020,4899,264
31.03.2020,5107,208
01.04.2020,5305,198
02.04.2020,5503,198
03.04.2020,5667,164
04.04.2020,5755,88
05.04.2020,5827,72
06.04.2020,5986,159
07.04.2020,6126,140
08.04.2020,6232,106
09.04.2020,6335,103
10.04.2020,6403,68
11.04.2020,6512,109
12.04.2020,6588,76
13.04.2020,6665,77
14.04.2020,6787,122
15.04.2020,6890,103
16.04.2020,6970,80
17.04.2020,7078,108
18.04.2020,7127,49
19.04.2020,7163,36
20.04.2020,7247,84
21.04.2020,7325,78
22.04.2020,7402,77
23.04.2020,7471,69
24.04.2020,7524,53
25.04.2020,7549,25
26.04.2020,7586,37
27.04.2020,7657,71
28.04.2020,7707,50
29.04.2020,7746,39
30.04.2020,7785,39
01.05.2020,7828,43
02.05.2020,7851,23
03.05.2020,7895,44
04.05.2020,7940,45
05.05.2020,7983,43
06.05.2020,8022,39
07.05.2020,8051,29
08.05.2020,8093,42
09.05.2020,8104,11
10.05.2020,8116,12
11.05.2020,8141,25
12.05.2020,8160,19
13.05.2020,8179,19
14.05.2020,8202,23
15.05.2020,8225,23
16.05.2020,8238,13
17.05.2020,8242,4
18.05.2020,8259,17
19.05.2020,8279,20
20.05.2020,8298,19
21.05.2020,8312,14
22.05.2020,8338,26
23.05.2020,8344,6
24.05.2020,8350,6
25.05.2020,8368,18
26.05.2020,8380,12
27.05.2020,8398,18
28.05.2020,8414,16
29.05.2020,8430,16
30.05.2020,8430,0
31.05.2020,8436,6
01.06.2020,8443,7
02.06.2020,8474,31
03.06.2020,8486,12
04.06.2020,8503,17
05.06.2020,8533,30
06.06.2020,8541,8
07.06.2020,8550,9
08.06.2020,8568,18
09.06.2020,8581,13
10.06.2020,8595,14
11.06.2020,8606,11
12.06.2020,8619,13
13.06.2020,8626,7
14.06.2020,8632,6
15.06.2020,8650,18
16.06.2020,8686,36
17.06.2020,8701,15
18.06.2020,8714,13
19.06.2020,8732,18
20.06.2020,8738,6
21.06.2020,8742,4
22.06.2020,8770,28
23.06.2020,8783,13
24.06.2020,8804,21
25.06.2020,8821,17
26.06.2020,8843,22
27.06.2020,8853,10
28.06.2020,8854,1
29.06.2020,8880,26
30.06.2020,8890,10
01.07.2020,8898,8
02.07.2020,8907,9
03.07.2020,8917,10
04.07.2020,8919,2
05.07.2020,8920,1
06.07.2020,8934,14
07.07.2020,8944,10
08.07.2020,8955,11
09.07.2020,8963,8
10.07.2020,8976,13
11.07.2020,8980,4
12.07.2020,8985,5
13.07.2020,9004,19
14.07.2020,9012,8
15.07.2020,9018,6
16.07.2020,9022,4
17.07.2020,9034,12
18.07.2020,9035,1
19.07.2020,9038,3
20.07.2020,9059,21
21.07.2020,9065,6
22.07.2020,9087,22
23.07.2020,9093,6
24.07.2020,9117,24
25.07.2020,9123,6
26.07.2020,9132,9
27.07.2020,9156,24
28.07.2020,9172,16
29.07.2020,9209,37
30.07.2020,9232,23
31.07.2020,9304,72
01.08.2020,9318,14
02.08.2020,9331,13
03.08.2020,9369,38
04.08.2020,9409,40
05.08.2020,9475,66
06.08.2020,9553,78
07.08.2020,9633,80
08.08.2020,9668,35
09.08.2020,9702,34
10.08.2020,9765,63
11.08.2020,9807,42
12.08.2020,9870,63
13.08.2020,9924,54
14.08.2020,10000,76
15.08.2020,10043,43
16.08.2020,10070,27
17.08.2020,10144,74
18.08.2020,10202,58
19.08.2020,10262,60
20.08.2020,10312,50
21.08.2020,10365,53
22.08.2020,10410,45
23.08.2020,10429,19
24.08.2020,10496,67
25.08.2020,10538,42
26.08.2020,10578,40
27.08.2020,10630,52
28.08.2020,10714,84
29.08.2020,10755,41
30.08.2020,10805,50
31.08.2020,10953,148
01.09.2020,11068,115
02.09.2020,11169,101
03.09.2020,11294,125
04.09.2020,11413,119
05.09.2020,11486,73
06.09.2020,11546,60
07.09.2020,11678,132
08.09.2020,11791,113
09.09.2020,11915,124
10.09.2020,12047,132
11.09.2020,12165,118
12.09.2020,12232,67
13.09.2020,12310,78
14.09.2020,12414,104
15.09.2020,12546,132
16.09.2020,12683,137
17.09.2020,12799,116
18.09.2020,12893,94
19.09.2020,12951,58
20.09.2020,13028,77
21.09.2020,13191,163
22.09.2020,13292,101
23.09.2020,13435,143
24.09.2020,13568,133
25.09.2020,13698,130
26.09.2020,13761,63
27.09.2020,13815,54
28.09.2020,13939,124
29.09.2020,14049,110
30.09.2020,14167,118
01.10.2020,14298,131
02.10.2020,14432,134
03.10.2020,14542,110
04.10.2020,14631,89
05.10.2020,14839,208
06.10.2020,15037,198
07.10.2020,15236,199
08.10.2020,15404,168
09.10.2020,15545,141
10.10.2020,15610,65
11.10.2020,15688,78
12.10.2020,15853,165
13.10.2020,16008,155
14.10.2020,16170,162
15.10.2020,16310,140
16.10.2020,16447,137
17.10.2020,16535,88
18.10.2020,16628,93
19.10.2020,16847,219
20.10.2020,17029,182
21.10.2020,17249,220
22.10.2020,17534,285
23.10.2020,17901,367
24.10.2020,18132,231
25.10.2020,18334,202
26.10.2020,18820,486
27.10.2020,19211,391
28.10.2020,19725,514
29.10.2020,20156,431
30.10.2020,20772,616
31.10.2020,21157,385
01.11.2020,21479,322
02.11.2020,22126,647
03.11.2020,22808,682
04.11.2020,23498,690
05.11.2020,24100,602
06.11.2020,24749,649
07.11.2020,25138,389
08.11.2020,25522,384
09.11.2020,26228,706
10.11.2020,26830,602
11.11.2020,27492,662
12.11.2020,28129,637
13.11.2020,28826,697
14.11.2020,29205,379
15.11.2020,29610,405
16.11.2020,30330,720
17.11.2020,30963,633
18.11.2020,31613,650
19.11.2020,32177,564
20.11.2020,32695,518
21.11.2020,32983,288
22.11.2020,33262,279
23.11.2020,33870,608
24.11.2020,34283,413
25.11.2020,34796,513
26.11.2020,35273,477
27.11.2020,35718,445
28.11.2020,35954,236
29.11.2020,36183,229
30.11.2020,36631,448
01.12.2020,36993,362
02.12.2020,37413,420
03.12.2020,37812,399
04.12.2020,38192,380
05.12.2020,38444,252
06.12.2020,38706,262
07.12.2020,39205,499
08.12.2020,39597,392
09.12.2020,40049,452
10.12.2020,40484,435
11.12.2020,40887,403
12.12.2020,41142,255
13.12.2020,41425,283
14.12.2020,41969,544
15.12.2020,42409,440
16.12.2020,42859,450
17.12.2020,43289,430
18.12.2020,43763,474
19.12.2020,44072,309
20.12.2020,44371,299
21.12.2020,44992,621
22.12.2020,45552,560
23.12.2020,46138,586
24.12.2020,46429,291
25.12.2020,46722,293
26.12.2020,47188,466
27.12.2020,47612,424
28.12.2020,48390,778
29.12.2020,49086,696
30.12.2020,49725,639
31.12.2020,50159,434
01.01.2021,50504,345
02.01.2021,51027,523
03.01.2021,51470,443
04.01.2021,52406,936
05.01.2021,53195,789
06.01.2021,53903,708
07.01.2021,54638,735
08.01.2021,55287,649
09.01.2021,55701,414
10.01.2021,56136,435
11.01.2021,56774,638
12.01.2021,57337,563
13.01.2021,57797,460
14.01.2021,58251,454
15.01.2021,58648,397
16.01.2021,58915,267
17.01.2021,59141,226
18.01.2021,59587,446
19.01.2021,59929,342
20.01.2021,60282,353
21.01.2021,60627,345
22.01.2021,60956,329
23.01.2021,61169,213
24.01.2021,61358,189
25.01.2021,61743,385
26.01.2021,62018,275
27.01.2021,62362,344
28.01.2021,62646,284
29.01.2021,62941,295
30.01.2021,63116,175
31.01.2021,63298,182
01.02.2021,63616,318
02.02.2021,63907,291
03.02.2021,64232,325
04.02.2021,64485,253
05.02.2021,64773,288
06.02.2021,64971,198
07.02.2021,65138,167
08.02.2021,65439,301
09.02.2021,65709,270
10.02.2021,66019,310
11.02.2021,66281,262
12.02.2021,66528,247
13.02.2021,66712,184
14.02.2021,66872,160
15.02.2021,67203,331
16.02.2021,67508,305
17.02.2021,67828,320
18.02.2021,68129,301
19.02.2021,68466,337
20.02.2021,68681,215
21.02.2021,68902,221
22.02.2021,69312,410
23.02.2021,69757,445
24.02.2021,70218,461
25.02.2021,70744,526
26.02.2021,71235,491
27.02.2021,71616,381
28.02.2021,72007,391
01.03.2021,72558,551
02.03.2021,73195,637
03.03.2021,73854,659
04.03.2021,74455,601
05.03.2021,75158,703
06.03.2021,75623,465
07.03.2021,76195,572
08.03.2021,77041,846
09.03.2021,77840,799
10.03.2021,78691,851
11.03.2021,79473,782
12.03.2021,80423,950
13.03.2021,81158,735
14.03.2021,81855,697
15.03.2021,82961,1106
16.03.2021,83967,1006
17.03.2021,85025,1058
18.03.2021,86069,1044
19.03.2021,87069,1000
20.03.2021,87779,710
21.03.2021,88428,649
22.03.2021,89534,1106
23.03.2021,90500,966
24.03.2021,91501,1001
25.03.2021,92371,870
26.03.2021,93266,895
27.03.2021,93868,602
28.03.2021,94345,477
29.03.2021,95208,863
30.03.2021,96055,847
31.03.2021,96860,805
01.04.2021,97484,624
02.04.2021,98183,699
03.04.2021,98795,612
04.04.2021,99447,652
05.04.2021,100162,715
06.04.2021,101050,888
07.04.2021,101897,847
08.04.2021,102663,766
09.04.2021,103375,712
10.04.2021,103871,496
11.04.2021,104266,395
12.04.2021,105004,738
13.04.2021,105596,592
14.04.2021,106197,601
15.04.2021,106745,548
16.04.2021,107324,579
17.04.2021,107654,330
18.04.2021,107999,345
19.04.2021,108574,575
20.04.2021,109106,532
21.04.2021,109642,536
22.04.2021,110105,463
23.04.2021,110613,508
24.04.2021,110901,288
25.04.2021,111218,317
26.04.2021,111718,500
27.04.2021,112199,481
28.04.2021,112618,419
29.04.2021,113032,414
30.04.2021,113471,439
01.05.2021,113722,251
02.05.2021,114018,296
03.05.2021,114528,510
04.05.2021,114991,463
05.05.2021,115485,494
06.05.2021,115994,509
07.05.2021,116432,438
08.05.2021,116784,352
09.05.2021,117135,351
10.05.2021,117658,523
11.05.2021,118085,427
12.05.2021,118464,379
13.05.2021,118762,298
14.05.2021,119177,415
15.05.2021,119417,240
16.05.2021,119695,278
17.05.2021,119878,183
18.05.2021,120420,542
19.05.2021,120960,540
20.05.2021,121563,603
21.05.2021,122231,668
22.05.2021,122584,353
23.05.2021,122922,338
24.05.2021,123304,382
25.05.2021,123731,427
26.05.2021,124094,363
27.05.2021,124478,384
28.05.2021,124825,347
29.05.2021,125024,199
30.05.2021,125209,185
31.05.2021,125553,344
01.06.2021,125939,386
02.06.2021,126232,293
03.06.2021,126514,282
04.06.2021,126776,262
05.06.2021,126921,145
06.06.2021,127071,150
07.06.2021,127274,203
08.06.2021,127488,214
09.06.2021,127695,207
10.06.2021,127896,201
11.06.2021,128050,154
12.06.2021,128180,130
13.06.2021,128291,111
14.06.2021,128498,207
15.06.2021,128692,194
16.06.2021,128907,215
17.06.2021,129104,197
18.06.2021,129276,172
19.06.2021,129429,153
20.06.2021,129544,115
21.06.2021,129750,206
22.06.2021,130016,266
23.06.2021,130256,240
24.06.2021,130429,173
25.06.2021,130604,175
26.06.2021,130709,105
27.06.2021,130817,108
28.06.2021,131043,226
29.06.2021,131251,208
30.06.2021,131462,211
01.07.2021,131508,46
